video_path,0_pred,1_pred,2_pred,3_pred
0006dceb6c64499990ebf757989abcf4.mp4 0.003261 0.439924 0.002588 0.554227
000bfd940cf44f998b1b4803d48d7d05.mp4 0.946483 0.000577 0.014055 0.038885
000ca10033f449cface5a9b7b10808b3.mp4 0.000014 0.987684 0.011013 0.001288
00118e2a62974ff8a81a4af5d241907b.mp4 0.000362 0.851167 0.146368 0.002103
0016150625f846bf8feebc6e5c0831b8.mp4 0.658528 0.017358 0.040273 0.283840
001e0a3865cf4a53838008da4350c38b.mp4 0.000542 0.871289 0.124375 0.003795
001eb668e3ba4ecd89417be16ca7b613.mp4 0.427059 0.093035 0.106365 0.373541
0024028abf2c4fcc9b709eed32cdb617.mp4 0.907168 0.000190 0.001900 0.090743
002450d8084843f69c0509accd5a489e.mp4 0.977780 0.000076 0.018034 0.004110
002dc245de0740e6868167eeb456c96c.mp4 0.784990 0.000417 0.001536 0.213058
002ff699856f40d68c97ee25ac79a22a.mp4 0.010418 0.005625 0.000060 0.983898
0031011a21e0405cbd7a9d5dd3adc445.mp4 0.001145 0.738194 0.257378 0.003284
003a8b7402d346e1b9f5a04d78306b20.mp4 0.817894 0.002898 0.014381 0.164826
004151a1bb1943d78eb04282babfd825.mp4 0.005075 0.823360 0.142174 0.029390
00519a56205945e8a211984c7ddbdf40.mp4 0.006494 0.720213 0.254946 0.018347
0058054adc1b4463b61bcd47e8735c34.mp4 0.984380 0.000008 0.000504 0.015108
005ae3eadf954e80a86f329770f121b5.mp4 0.848067 0.001738 0.010555 0.139640
005b26903a384c08839998227eab051e.mp4 0.002003 0.493967 0.502060 0.001971
005caed4897d481f9bc2e4f94078f792.mp4 0.914426 0.000629 0.007420 0.077525
006fdf504a934f35b605ad32a4ffe568.mp4 0.000649 0.783273 0.213700 0.002378
0070790819224abd9edf26ce6528f2d4.mp4 0.025862 0.007269 0.000194 0.966675
007a38cbde404828920c9ee7ff4276c0.mp4 0.972645 0.000086 0.003506 0.023763
007fe75c2c464b839f43e721500da786.mp4 0.863390 0.002811 0.021642 0.112157
00890f27376949549b76aceafa1bd57c.mp4 0.788741 0.008423 0.041068 0.161769
008e4eb36d3f49fa806f947a0985e390.mp4 0.954340 0.000401 0.033992 0.011266
00995199f185446b935134e496d3dd87.mp4 0.934298 0.001088 0.027052 0.037563
009e689d24ac4887a5eafc29ec3d1ae2.mp4 0.000310 0.952323 0.039990 0.007377
00a0e5eb1e354862a39ea425dc09677a.mp4 0.613514 0.046473 0.189761 0.150252
00a2f74d6c534de0a51b3d8afde8a2f1.mp4 0.984454 0.000057 0.009794 0.005695
00af7bc0d2354cb9809ba66635fa33ea.mp4 0.084834 0.045860 0.004499 0.864808
00b3d6b826ef4ca48980f939ce3ea804.mp4 0.701295 0.011047 0.030076 0.257582
00b3e2d993904355a4cf689959bb3f10.mp4 0.135198 0.006540 0.001031 0.857231
00b627e970dc4643b6c97fea578b5c79.mp4 0.000604 0.817381 0.179263 0.002753
00b865a11e7c4cdd8fd7302c68a80267.mp4 0.938622 0.000303 0.005075 0.056001
00b90c028a094079bf6f0f1f38469d85.mp4 0.041165 0.440127 0.481044 0.037664
00b935e80f4a404cbb5e7fc5638ba132.mp4 0.762901 0.003882 0.219738 0.013478
00bc555c1faf4302a4662a5d1a464d96.mp4 0.203767 0.053498 0.014979 0.727756
00bd3b7a59534949a4d190c9006efa3f.mp4 0.004654 0.691491 0.292867 0.010988
00ca024c64514f37947e994ee03b3701.mp4 0.026506 0.019749 0.000549 0.953195
00cf452f6cd943bb8f9b7b81b120f889.mp4 0.948638 0.000661 0.029289 0.021411
00d7af9fe3c04842a8d6f7ca5b80fc76.mp4 0.157587 0.100770 0.022069 0.719574
00db52ceaab849fabc58c1004d12f2a0.mp4 0.000066 0.976707 0.019985 0.003241
00e0a01da89447bc9907bfff3d5543d8.mp4 0.000000 0.996927 0.000000 0.003073
00e61bbab865422e96c982b4acebc2c1.mp4 0.000710 0.910242 0.081081 0.007967
00e7212d5fd24bf8a5cbf33a3882bd93.mp4 0.000008 0.983002 0.016492 0.000498
00ea40522a814370a9c8f37d083af52e.mp4 0.011172 0.006198 0.000070 0.982559
00f26a06ef2146ccaefc7030c278bd9e.mp4 0.003306 0.058726 0.937761 0.000207
00f3243a9db7489abbb080de674673bc.mp4 0.968326 0.000038 0.001223 0.030412
00f5350d74884889ae72abdc3ddc144c.mp4 0.742186 0.019063 0.129465 0.109285
00fed823fab544fd8fadbe6329e5d7dc.mp4 0.018400 0.594623 0.356267 0.030710
0106a6bd35044e0ba221b732e43920f1.mp4 0.069841 0.070227 0.005742 0.854190
0106ca236b5b401ea8f6985da5f3f42c.mp4 0.000093 0.980473 0.007979 0.011455
01121305d7b14ca5ad9869604a21c1ca.mp4 0.889711 0.000543 0.004592 0.105154
011382a5b1b2420d82fea2a3de57ee6f.mp4 0.000161 0.849179 0.149744 0.000916
011b2f881efc414d820d3a64c4945798.mp4 0.007846 0.736203 0.230938 0.025013
012aae58cb5346ba898b2dd8846b0608.mp4 0.216173 0.027704 0.008005 0.748118
013407bcefb54be28d4f8ad99d3a2129.mp4 0.993205 0.000006 0.001117 0.005672
013adaf833ad40de9b575a8766d9d003.mp4 0.756543 0.009183 0.034834 0.199441
013cba1e2c9a4919af8ec5f5ffe31d5d.mp4 0.002622 0.883625 0.087180 0.026573
013cd99b1740420c943b18ab20a660a3.mp4 0.884346 0.000248 0.001932 0.113474
013d5e2842804a678089af905850a5a7.mp4 0.776234 0.005201 0.198193 0.020372
0147e9e8959a4ac2b3656fb7945ff4a1.mp4 0.000000 0.834192 0.000000 0.165808
014ed1149ba64c08bad3ab0c58b4b1f7.mp4 0.000137 0.906827 0.091680 0.001356
016aae3801de4c67b99fd6759b5793f5.mp4 0.658596 0.034958 0.131920 0.174525
016b2e60f4be40c9a85179f9b6a4e23a.mp4 0.666490 0.017177 0.041685 0.274648
0170ac860955480781b431d518dd3eae.mp4 0.001012 0.752794 0.243058 0.003136
0172bd594edd4777b9f69a1b55175ce2.mp4 0.010117 0.642664 0.019862 0.327356
01756308493a42a9946ec971eea5e81c.mp4 0.028057 0.529467 0.405875 0.036601
017a00f52f93497bb9a5f5e8c3374717.mp4 0.341239 0.055128 0.032965 0.570668
018263ad496f4a8d9093b7b2cd9b40f7.mp4 0.901525 0.001039 0.010816 0.086619
0183baac7a3d4c2ca7c20bb85f3c176f.mp4 0.988701 0.000031 0.004657 0.006610
01859e60a45846028945a8a1b7e605fa.mp4 0.001917 0.911405 0.054768 0.031909
0188de6ba18a43f28a15c7fdedf428be.mp4 0.886528 0.003240 0.067980 0.042252
019137da7a054230974be5a831f13e18.mp4 0.000490 0.954620 0.028432 0.016458
0197c42867054fc19603c04d8cc83077.mp4 0.037749 0.614692 0.257415 0.090143
0199d4c9aaa14c7baf4e57aa04a8edf6.mp4 0.166223 0.096773 0.022514 0.714491
019b5a6947754ce68212cff38b8e539e.mp4 0.909494 0.001924 0.058861 0.029722
01a79df35ff4406e90383501d87c6c69.mp4 0.000097 0.931698 0.066860 0.001345
01ab3383742b4990aa2c50014b1d7c04.mp4 0.000267 0.926394 0.069794 0.003544
01ae665d512047ffb3af99385fb85583.mp4 0.893192 0.001802 0.018630 0.086376
01c4a9a544264305b4c2f573cac41359.mp4 0.016924 0.022321 0.000393 0.960362
01cbc03b9c9345d4991ce420c941e3fc.mp4 0.003346 0.776701 0.207424 0.012529
01cff8652338437fbb6a6850e7578dd7.mp4 0.990262 0.000014 0.001678 0.008047
01d06647e5e2456abd3c579ddb016084.mp4 0.371338 0.002324 0.001381 0.624957
01d80505391e4dc4847141f5f41acd09.mp4 0.980339 0.000097 0.009006 0.010559
01deb50e103d49ff8ca74cc6141547be.mp4 0.000000 0.993650 0.000000 0.006350
01e83603af7042ffb36e47cbf02d828f.mp4 0.771902 0.010992 0.165989 0.051118
01efe7e5705c49bc8702d78711086a10.mp4 0.670404 0.032364 0.168349 0.128883
01f8a0b172ed408cb05e65ff5bab113f.mp4 0.020048 0.026814 0.000564 0.952573
0203003d86c349feb896dea0a61cd23e.mp4 0.000360 0.746514 0.252062 0.001065
0206034a8e374a2bad5fa7f275ad7f1a.mp4 0.000117 0.941166 0.056783 0.001934
02061e0e7e2943f7a5eda78c273f8842.mp4 0.841148 0.005156 0.037242 0.116454
02063326b98b49c185517c2c1f2cfdbe.mp4 0.215588 0.024250 0.753221 0.006941
02087fe7c4b943ce982542db3458efc8.mp4 0.000650 0.659396 0.338689 0.001265
020d63b764ea486c849bceb562921920.mp4 0.521591 0.023650 0.028971 0.425788
020ffab94bdb459c8b6849521f749bff.mp4 0.032357 0.107064 0.004045 0.856535
021187768e7e42ff92d6e443274f49fe.mp4 0.133426 0.042582 0.006954 0.817038
0218ab535ee54a55b5d06a68ae56bee2.mp4 0.878606 0.002534 0.095564 0.023296
021cb4cbb4a74dd58f05176fb2cc4d18.mp4 0.014018 0.191623 0.003396 0.790962
0227d4c550d7464184ffa1cb7c12b066.mp4 0.988940 0.000023 0.002680 0.008356
0227f09aed9e450592e0f6d7dfd04266.mp4 0.347559 0.064648 0.041099 0.546694
022b092523cc4c8499d4ab0a5863a7a5.mp4 0.846260 0.001083 0.006263 0.146393
02313fea8b88436399282f924e882c6b.mp4 0.928959 0.000951 0.053614 0.016476
0234da20b8b8483bb98b96e11499de4a.mp4 0.006827 0.605506 0.376692 0.010975
023c0ee11ea643f499eeec5125d207d0.mp4 0.016857 0.053466 0.000970 0.928706
023cd80a655f4616b607d601c26633a6.mp4 0.995444 0.000005 0.002707 0.001844
024168ee20704a0996c07109eae676ea.mp4 0.992123 0.000015 0.003309 0.004553
0243470ea29b4ce8bedca39f2cdb63b5.mp4 0.556390 0.009240 0.012178 0.422193
0250a57cf4264289afa922f7c4f8c5f6.mp4 0.707403 0.019121 0.208648 0.064828
0260e803722a48f691849e4fde7e972b.mp4 0.000128 0.965606 0.030163 0.004103
0260f28a1914483084f8397c77267ccb.mp4 0.041644 0.001290 0.000056 0.957011
0261b138644749d5aeb4787870610636.mp4 0.948496 0.000515 0.012774 0.038215
0261cc79c7c745c49868257fecc1c4e3.mp4 0.995679 0.000004 0.001674 0.002642
0261f15b22794eec85a85eae1f15295f.mp4 0.000184 0.957014 0.038191 0.004611
026340cc91c14b7fa128bbc7acd405b4.mp4 0.937162 0.000994 0.025985 0.035859
02643e9bbfe24611991effe84c937677.mp4 0.822764 0.008567 0.076354 0.092316
0269300f69d24e6d891e503284c9915c.mp4 0.943239 0.000074 0.001267 0.055420
026e6ee54dfe4e3ebb0edc8cbd819522.mp4 0.938461 0.000795 0.017097 0.043647
027e59c8a045426997b7dfd824753519.mp4 0.000407 0.931848 0.061581 0.006164
028a0f52235e407c8f52f2225e38d17d.mp4 0.787276 0.001308 0.004990 0.206426
028ef4b729ac4ab6a5cf07fd8132c4c5.mp4 0.832021 0.006665 0.049677 0.111636
0291b7294ae74ebdbf8e8e56b9496845.mp4 0.000592 0.803738 0.193208 0.002462
02963f3399ba4d0bbcbaa56dad7aa117.mp4 0.991222 0.000004 0.000500 0.008274
029f408ad96b4a01bf2e707823fce048.mp4 0.000938 0.909248 0.079027 0.010788
02a082c0bfbe486fbe454a1e9a2dd8ff.mp4 0.000507 0.718366 0.279826 0.001301
02a553cac4064ede99ad44b6ea580f04.mp4 0.007744 0.014678 0.000116 0.977461
02a9dd6e107a4cb48490ccd5e4f80fed.mp4 0.033717 0.059663 0.002224 0.904395
02ab5eb0de2447a2ab06b88d3f387b29.mp4 0.000296 0.937837 0.056987 0.004879
02b58e9c9b44428db709c7335ec9a388.mp4 0.913089 0.000970 0.011979 0.073962
02ba77af1f814bf382c5c18e13b0926b.mp4 0.986519 0.000035 0.003406 0.010041
02c7143ecaaa4b21b1e6451691e0b9fa.mp4 0.000832 0.643817 0.353837 0.001514
02cb9ca268724f04be95db41297e4986.mp4 0.063301 0.057276 0.004142 0.875281
02d66970df4e4e248ad0f51ca8bc599b.mp4 0.153408 0.162234 0.038537 0.645821
02da0475d8cf431a835b527d60165f6b.mp4 0.000247 0.921506 0.075217 0.003030
02e2ecb6506a45ef9f59901f1fbe8f17.mp4 0.980530 0.000068 0.004485 0.014917
02e6bec1e9934cf282b738f1114554ec.mp4 0.927013 0.001217 0.023237 0.048534
02f9166b37124e93be299dade2b5d06f.mp4 0.907451 0.002152 0.035702 0.054695
0301264dca0e48d495b0617ebdceead9.mp4 0.002640 0.687208 0.304188 0.005964
030275cb2e784d87b307197d851f5c98.mp4 0.452707 0.023248 0.020919 0.503126
03052ac1f54f4ea7a58ee295f2892828.mp4 0.000288 0.660398 0.338752 0.000562
030bb69b9b924c9ab5853d87f9df3a78.mp4 0.000019 0.990750 0.006290 0.002941
0314899402e1497da1228f802a73e1cd.mp4 0.854762 0.000759 0.004642 0.139836
03244c9edc3540a88d557b17f416a2b0.mp4 0.001940 0.622041 0.372783 0.003237
032586a55c7c4d6d88ed5aa81307b2e0.mp4 0.965229 0.000149 0.004808 0.029815
03262e8b55f94564b976c0fb0f834d59.mp4 0.735033 0.020010 0.105355 0.139602
03290b6600e346fa97bad9a1eb310d56.mp4 0.001460 0.874070 0.113198 0.011273
032f040fe72b4774829f322e1e48a61b.mp4 0.655079 0.026292 0.249632 0.068996
033150f8b8534cba9b0037c3a907b767.mp4 0.009739 0.774956 0.171226 0.044079
033cb327a1eb41db84deb6a0d1cb805a.mp4 0.905233 0.002354 0.048229 0.044184
033d1f93ab3c4b869fd63c68dcf03a89.mp4 0.959061 0.000347 0.011425 0.029166
033d343588f649e695186c2600890397.mp4 0.991146 0.000018 0.003029 0.005807
033d3dce55ca4c72bb5e50ae2babc80a.mp4 0.716804 0.022770 0.105044 0.155381
03463adab71b4b178b1a289e9b528766.mp4 0.966407 0.000239 0.009796 0.023558
034760b580e443fc9866c51cda3fa3da.mp4 0.561158 0.040826 0.069800 0.328217
03483f776a4c4d7db7a963439b9fd6c2.mp4 0.462562 0.069889 0.084368 0.383181
0351eb6f2a8746009e34fa6163b56139.mp4 0.005655 0.472381 0.516795 0.005169
03543f2ae32b47d2a0700621993af698.mp4 0.000034 0.981977 0.015898 0.002092
03572d70fd4b4357adcfbb67b0a2cab8.mp4 0.007648 0.783131 0.174992 0.034229
036fa8995df3404f958f3f0a774cf2c7.mp4 0.953942 0.000533 0.019590 0.025935
0374d590dd4d41b99f96cc049e1d3a9b.mp4 0.973312 0.000042 0.001630 0.025016
03757837e3fc4cf39b49bae72b9c8e3b.mp4 0.900187 0.000185 0.001701 0.097926
03824a45d030436591b0cc8dc3004d6d.mp4 0.015480 0.058987 0.000988 0.924545
03895a0dd5fc461ab9cf938197d50a68.mp4 0.003808 0.341621 0.652578 0.001993
0396c6eaa1f445898c89adc6b884de3e.mp4 0.018259 0.012408 0.000234 0.969099
039ec72c336a4e00bceb4d82d888dee1.mp4 0.020956 0.113841 0.002766 0.862437
03a1462bc79b4deaa55af0e7bad72f94.mp4 0.488782 0.057091 0.073269 0.380858
03a656e46f6b4441817035181e8cd641.mp4 0.360628 0.029921 0.018252 0.591199
03a8b47285c8440094a416374ad4f32c.mp4 0.737843 0.001808 0.005229 0.255121
03b0d7da07ea4afeb5928777267cf351.mp4 0.001791 0.912689 0.056688 0.028832
03bc535292c245feb59e1f0c7f5a78d6.mp4 0.000615 0.823561 0.172892 0.002932
03c2913f2ae042349fdd5faf05385e4e.mp4 0.960648 0.000230 0.006851 0.032271
03c340dd4d1e4563ab308e9c201ec589.mp4 0.740040 0.005089 0.239120 0.015751
03ce7e08ed5d42858d30292dd6249892.mp4 0.000752 0.765264 0.231499 0.002485
03e3231a63f746b9bb7f15fb566add38.mp4 0.301759 0.030813 0.653194 0.014235
03e670ac293f4556b1f9656ed28288e8.mp4 0.984283 0.000016 0.001097 0.014604
03e74e38b566416db926a037f5b6a7e1.mp4 0.821115 0.004020 0.153337 0.021528
03e94b275b934bd2a2264f00669d8dd5.mp4 0.012131 0.000141 0.000002 0.987726
03ea2d9479f94113954ae54a3530a908.mp4 0.817058 0.007695 0.050336 0.124911
03f2c54ed46f4e098aec99b126ad6938.mp4 0.903454 0.001024 0.010932 0.084591
03f67840f6a14d3b85e46e7363f6d730.mp4 0.196786 0.020955 0.005308 0.776951
03f6a2d91dfc4c5d969cad17a6b5d5f3.mp4 0.856619 0.000465 0.002841 0.140076
03fb014e69da47e58d54689afe5cd232.mp4 0.866540 0.002504 0.111500 0.019456
03fd755bfafb461ea655fba3cf43b8e1.mp4 0.082081 0.249855 0.635808 0.032256
04086650cf924272a51baa188fe030d7.mp4 0.989652 0.000024 0.003465 0.006859
040c62a9ef794a3b83d725c22f0fbe60.mp4 0.025620 0.473074 0.475835 0.025471
0410bb84b6574906906f04e4509eb315.mp4 0.961768 0.000357 0.022871 0.015004
0414a56825ec4fb9a9a5f8a17ee5dac7.mp4 0.004141 0.361701 0.631786 0.002371
04184e08a094486d8ea12634cb575e43.mp4 0.000119 0.917115 0.081423 0.001343
041a411e7ee44189879a183a5d01b34a.mp4 0.000177 0.941968 0.054821 0.003034
041ddc31574b4dd8a84d30990b96a314.mp4 0.911847 0.001246 0.016028 0.070879
04229b2f913b4dee8b556ce63b99151e.mp4 0.014197 0.147081 0.002497 0.836225
0423239cceab4de68b031db51429cc03.mp4 0.015687 0.399637 0.573749 0.010926
0429396692434302bc252462c15ff036.mp4 0.003156 0.775498 0.209674 0.011673
042a88acc4c742a4b412e7a4cde6753f.mp4 0.000319 0.794549 0.203887 0.001245
042c3852b0e5483e872a04edde6162b5.mp4 0.000088 0.976154 0.019330 0.004428
042c90d08bef4ab8a6a6981a1a601231.mp4 0.969554 0.000057 0.001949 0.028440
042e4acfe62f498dbd5b881106ec7046.mp4 0.810087 0.004567 0.022757 0.162589
042e811bb43c4bb289541ca36a44e3e0.mp4 0.782188 0.003393 0.013188 0.201231
0432c891dad74ac08f7333cdfc1c5e50.mp4 0.510422 0.059413 0.088849 0.341316
0436c53c53064ff5a7b07c04a4d5404c.mp4 0.135120 0.072855 0.012630 0.779395
043732e58af644d39ab911ecebb2d8b1.mp4 0.961417 0.000267 0.008662 0.029654
0440876df40041e29f92be7475b44c40.mp4 0.143355 0.024489 0.004240 0.827916
044291877a694ebb9c62030886bc52c9.mp4 0.953766 0.000134 0.002960 0.043141
0443e6715e8046258893f7de28085ed4.mp4 0.798204 0.004009 0.017777 0.180011
0444da4afc81404fa240a612239ca9e1.mp4 0.000137 0.965310 0.030157 0.004395
044f9d06c4d04fae82cc4f8132342564.mp4 0.982162 0.000080 0.009370 0.008388
0464b67edc724adeb27b74bacc01d882.mp4 0.002093 0.818018 0.169806 0.010083
0465426fbc294e709c31f6570066f0cd.mp4 0.982300 0.000073 0.011193 0.006434
04693c256dc44be69a441faff0d72bc8.mp4 0.642722 0.001377 0.353397 0.002504
046c8fa5e21c4fd0a409536da3de0640.mp4 0.873864 0.000256 0.124075 0.001805
04770f4d5b4d4587a8d05cb73d382d2e.mp4 0.767831 0.014727 0.086090 0.131351
047856a85f52441dbb0e1bf3bca35a5e.mp4 0.630619 0.036634 0.234036 0.098711
047d5874fa5b45d28eee31dc6e5044d4.mp4 0.922652 0.001349 0.023879 0.052121
047dce4bda2b406b9bb44b7237cd449a.mp4 0.000185 0.953431 0.042194 0.004190
047f2afbd5354fa6a39f120de066c238.mp4 0.000000 0.996914 0.000000 0.003086
04877875b6f1444cbc1723dfd5df13bd.mp4 0.733632 0.015534 0.191247 0.059587
048be0d9330a486eb7367c8531f3580e.mp4 0.002007 0.413782 0.582785 0.001425
0491527a05804046a8b554f6c5647eea.mp4 0.006343 0.008286 0.000053 0.985318
0494ec66523e4e12a9f078cd86e856c9.mp4 0.052940 0.013022 0.000739 0.933299
049f04401a1d450090b544324e3d7394.mp4 0.782134 0.011073 0.058335 0.148459
04a0f5052a9044338034f2836830960c.mp4 0.002436 0.303234 0.693264 0.001066
04a2995b6393481fb6166ac509bb4913.mp4 0.002129 0.699621 0.293169 0.005081
04b17966ead54ae498ae4d7037cf98dc.mp4 0.986112 0.000037 0.003576 0.010275
04b79b10f013428b80d52d6b7588f92d.mp4 0.052424 0.002695 0.000150 0.944731
04b7f30cfc40476cabc26b7fa3a435cc.mp4 0.000567 0.659030 0.339302 0.001102
04b81ad0811e47d5a09509339c6d2a79.mp4 0.001097 0.488386 0.509465 0.001052
04ba7a145952417db5508ee96b969a6a.mp4 0.000412 0.833401 0.164093 0.002094
04c1361dc4d643db8c6ff914065a6bf2.mp4 0.975866 0.000126 0.016619 0.007389
04dc9adb3aca466daca0f228c24b8b7a.mp4 0.966148 0.000181 0.006403 0.027268
04dec8cfebc44366bffdd0d4242112ca.mp4 0.025992 0.693663 0.180405 0.099940
04ded0bbeddb47c6a60b20f718670fc3.mp4 0.000388 0.543965 0.455182 0.000464
04e0275e9ac74e5f9a160bb28cef4431.mp4 0.010161 0.094250 0.001071 0.894519
04e1f3617e994ef1a19a2e9fc845d14a.mp4 0.000353 0.896287 0.100207 0.003154
04e2533eec1d4534a8511544f20098e8.mp4 0.989552 0.000023 0.007229 0.003196
04e7e9d8edef4b1c8fd87f68c3a2a398.mp4 0.825573 0.001274 0.006306 0.166847
04ec07c679d341efb86b4544a5d086fe.mp4 0.004656 0.550704 0.438797 0.005843
04ee96df677643eb9c043f77b7f59022.mp4 0.156814 0.069941 0.758790 0.014454
04f7b65cf24a415aad6a02830ee0936c.mp4 0.000378 0.907648 0.088075 0.003898
04f9f36ebfed49a6a07aec71f58be02a.mp4 0.622968 0.003325 0.005627 0.368081
04fb51f8d21e45028cf5f3f910de5b8b.mp4 0.069479 0.051757 0.004111 0.874652
050607b47ce7441e84157ef64d6bee22.mp4 0.963902 0.000315 0.013772 0.022011
0507e66195a24235a6c9ae9d68b4dee8.mp4 0.132196 0.034511 0.005511 0.827782
050c08870ef04fc3bd78a5a1aa6b5a73.mp4 0.000121 0.914775 0.083789 0.001316
05133a3dee724b43a838ffef1be748b7.mp4 0.007929 0.055016 0.000466 0.936589
05142e287f714f5e92c5314c885d1fdc.mp4 0.735835 0.007980 0.230737 0.025449
0514a2a65ad74ce6b5dc91d3405e79c0.mp4 0.431365 0.015679 0.012515 0.540441
051912ed7f22416baa63e8c71176f0ec.mp4 0.001953 0.834563 0.152816 0.010668
051c5d265667436cb3c08b7765b75275.mp4 0.024722 0.279118 0.686103 0.010057
052420d2ccf143fe8e0abfa665d045dc.mp4 0.002984 0.046453 0.000146 0.950417
05250350937c499da8b3c751f4ede57b.mp4 0.700642 0.006282 0.277200 0.015877
0528ec2caf594715b8d019b83edec08b.mp4 0.847748 0.000074 0.000411 0.151767
052c790c8e614ca2bbdada23f1dfe77b.mp4 0.972587 0.000031 0.001140 0.026243
052c9146eb574ed9bc08e02572e5af2a.mp4 0.011294 0.386843 0.594515 0.007349
052d9167c2c8467cbc8fea23bd438159.mp4 0.891996 0.001263 0.011877 0.094864
0530de4bcaea4a198f774845bf65f4ae.mp4 0.001001 0.596595 0.400915 0.001490
05340289999c4259bdf3ee54e4870d4a.mp4 0.933843 0.001121 0.035728 0.029308
053f267c58cc42fb8877133e54dd0d5a.mp4 0.876725 0.001805 0.014846 0.106623
053f69131a144833b3dde2d5a7158da3.mp4 0.970507 0.000036 0.001236 0.028221
0540fc21ad5642669b2ba770024dbf34.mp4 0.081559 0.315337 0.556925 0.046179
05455425c6844c27ba522d9f0f28431f.mp4 0.924695 0.001241 0.022080 0.051983
054686616df8402c9e722bc81069721f.mp4 0.181256 0.017815 0.004052 0.796877
054875c6f0254478a4cf1295224a5a3a.mp4 0.129583 0.072077 0.011876 0.786464
05487be33eb54631867407811e9c016d.mp4 0.984997 0.000050 0.004884 0.010070
054de9b70a8a4d38a8663a16407558bb.mp4 0.252452 0.212107 0.133084 0.402356
0550c4ebf54943b78da04125ad0329fe.mp4 0.221519 0.018020 0.005286 0.755175
055244d48cbd488cb7e36f935412439b.mp4 0.008735 0.386614 0.599013 0.005638
0557abe38f3e46eb95f510f530834a39.mp4 0.021332 0.129136 0.003255 0.846276
055b5503b9354d7e8ef5f95ec142eb90.mp4 0.925936 0.000444 0.006087 0.067533
0567e3c5bd364a408eb48b0fcd40556a.mp4 0.650148 0.000877 0.001641 0.347334
056858e474a140a2883c1e04314dc070.mp4 0.937622 0.000077 0.001181 0.061120
05701bc7be1048f3898e7003b045e8e0.mp4 0.066050 0.298413 0.032696 0.602841
0576af5c53ad487b929ea2caea4c8fea.mp4 0.977006 0.000128 0.013779 0.009088
05772a0b03384114acb346da5176b595.mp4 0.003433 0.872377 0.032746 0.091444
0579b56d325b4de18d18da7b2eed5e81.mp4 0.711720 0.016823 0.055426 0.216031
057b8f666b16414385a310f0a293d6f0.mp4 0.020528 0.709882 0.074821 0.194768
057ec5c73f63412bbdf15ec730ff1695.mp4 0.005490 0.072234 0.000430 0.921846
058b2d5fd9ac4cc7a15b992be1c477ed.mp4 0.003605 0.882480 0.064863 0.049051
059013c6783442958afcf0f75c70998b.mp4 0.782646 0.001487 0.210335 0.005532
059ace70a3884f67b29b144ccf560fdc.mp4 0.001655 0.910888 0.063839 0.023618
059cc94967e94894bd3332e6694e3cac.mp4 0.549611 0.056784 0.283532 0.110073
05aa372bc725424fba17a3594b2e6ead.mp4 0.986271 0.000014 0.001127 0.012587
05ab6ed7a42645efbc919afe191d3a31.mp4 0.000407 0.918665 0.076005 0.004923
05bbaea922f7453cb991f102505ccfb9.mp4 0.000047 0.971672 0.026545 0.001735
05c0e07140264ae7aa30e8868c67c807.mp4 0.011983 0.010641 0.000130 0.977246
05c4c9836e2f44fd9486365f7aa8493a.mp4 0.986528 0.000038 0.009537 0.003897
05c56a6c2f454558bceeefdf186f6601.mp4 0.970390 0.000221 0.013299 0.016090
05ce15d298d1486981ba00396fec1140.mp4 0.001487 0.780889 0.212149 0.005475
05d7297b93b64b2c97bdb60605d9f37e.mp4 0.000671 0.553874 0.444619 0.000836
05dc6bc59f654690ba4489cb28792b72.mp4 0.000411 0.854777 0.142345 0.002467
05dfce920d5b4add87764e82d1297da8.mp4 0.777000 0.013679 0.086623 0.122699
05e0050f96f243f3b032cc37f84737f7.mp4 0.003379 0.855401 0.116389 0.024832
05eb46dc0ee34189bf5675d1afeb1bc6.mp4 0.010367 0.004017 0.000042 0.985573
05ebeb15eaf04ffe9b791afd8771d968.mp4 0.123949 0.140244 0.024436 0.711371
05f78f814dd1494380b60e7d671cfca9.mp4 0.006910 0.042445 0.000309 0.950336
05fa17ed6a944e98aebca1eba6f9a6dc.mp4 0.635266 0.007130 0.344454 0.013150
060d809d9baa417aac1ab4ec39e1ee19.mp4 0.018310 0.658416 0.280256 0.043017
06105bbfdfb645148224698428f030d5.mp4 0.907820 0.002200 0.050211 0.039770
061a1b3397004cc1b4e3249f5cddf178.mp4 0.029408 0.008293 0.000253 0.962046
0622c44504d64baa9299c43a97fbee91.mp4 0.018652 0.012524 0.000241 0.968583
0633361a357c49d29240b11e8dc1fffd.mp4 0.886811 0.002982 0.074894 0.035313
063fc992b7834680ba0cca8edf011ff7.mp4 0.370812 0.109809 0.096227 0.423152
0642bd9126e8435ab894190d53580ec2.mp4 0.000410 0.194690 0.804800 0.000099
064428c56c144531894ae76775e01bdb.mp4 0.987154 0.000035 0.003839 0.008971
064e7ae39fc940d286e1793d722e29e1.mp4 0.985009 0.000017 0.001187 0.013787
0657fb1555ca4f5781cc392810ec024d.mp4 0.652642 0.028686 0.077689 0.240983
066719d014354b16aa174ecb2a5c532c.mp4 0.000000 0.994818 0.000000 0.005182
066ebd81a1784d53949895f560ab29a5.mp4 0.019810 0.156769 0.003789 0.819632
067a99ff86a34565b9291dc9e067bbbf.mp4 0.930790 0.000577 0.059625 0.009008
067f583dcf214bafb8e843f87a202aca.mp4 0.000111 0.856689 0.142531 0.000669
0687ca5786a54604a91ea8e6aedaccaa.mp4 0.128676 0.006102 0.000908 0.864314
068ab5a01e6141629aeb9e3f07c772ab.mp4 0.948396 0.000129 0.002497 0.048978
068c18a75ec14cb4947961d74476c082.mp4 0.000191 0.909618 0.088223 0.001969
0690f1b779d84419b4e9ff1e864c0373.mp4 0.956545 0.000410 0.013083 0.029962
0695568e849043bdb9337cf701fe44f9.mp4 0.016232 0.727561 0.195933 0.060273
069b0e5e59434bcca75d87978339235c.mp4 0.268083 0.228928 0.208162 0.294827
069d7e9f440448d59d2747efd6c72e01.mp4 0.044291 0.136331 0.007437 0.811941
06a007240f514e89b0f9b009ffd97f9c.mp4 0.017410 0.031205 0.000571 0.950814
06b712b4b7874be5a497605dac80550b.mp4 0.994613 0.000007 0.002371 0.003009
06b990c50ab149e9a9d966cbaaa64555.mp4 0.949404 0.000094 0.001827 0.048675
06be3068241e422a873b0a2cc5b13ce4.mp4 0.013058 0.008200 0.000109 0.978633
06cc6867f8094c32a66fb532fb113fc4.mp4 0.098410 0.009906 0.001095 0.890590
06d82a10562f44cf93e5f23f7331b287.mp4 0.711426 0.022411 0.175119 0.091044
06ee29a33d4943f59e2c38620aff5916.mp4 0.962145 0.000363 0.020352 0.017140
06f7b76b91324a439b655de946e5d4b0.mp4 0.129786 0.035089 0.005489 0.829636
06fd29db3ec948eb82566a6594b25bf0.mp4 0.000184 0.921818 0.075759 0.002239
070618142db14b65ab5a5af69343d47e.mp4 0.000371 0.957041 0.031237 0.011352
0715460b2e7f4592997654e74848d178.mp4 0.972159 0.000172 0.018769 0.008901
071c1368ff824eaeb1407d35dda17830.mp4 0.859276 0.001631 0.128153 0.010939
071cefff95f54708b1edbff878309bea.mp4 0.004261 0.686673 0.299290 0.009776
071eb2e2466a4b1a8cb7c5619cd8d565.mp4 0.000430 0.843935 0.153269 0.002366
0723fa46618f49b5be25706db0b6cc47.mp4 0.063459 0.000378 0.000026 0.936138
07240594152c4f058e4b14c68084e3cd.mp4 0.980099 0.000062 0.003780 0.016060
0730f16f6d164cb894888e1c47cae223.mp4 0.044502 0.535217 0.352762 0.067519
0732a4b6e72443df9ce62afb945a6a43.mp4 0.000223 0.898340 0.099425 0.002012
073e225b13e142179f9c1e3a361e3166.mp4 0.807294 0.000365 0.001545 0.190797
0741d4d3e01a4922b6b9c3114ab073f8.mp4 0.045346 0.199789 0.012199 0.742666
0757396fc1ba4cd4890b29720640b9a2.mp4 0.954968 0.000262 0.038240 0.006531
07578840b15d422d80aecb95d9d97698.mp4 0.872803 0.003950 0.080321 0.042925
0759e70bb0c34f96bcd412c7bbeafdcf.mp4 0.887774 0.001551 0.096384 0.014290
0759f6f0cecc4fb796a868daf58b3a77.mp4 0.547912 0.045211 0.074536 0.332341
0760797d89f44806a66e0b8824510bb3.mp4 0.000332 0.787654 0.210773 0.001242
07674d3626fc47019ae769c236d960e8.mp4 0.000740 0.454188 0.544455 0.000617
0771119d0f0e47a6aa64dfe15dd829ef.mp4 0.784554 0.012836 0.115178 0.087432
07865e63ce324992a614b62f5eeb9bdd.mp4 0.001993 0.485862 0.510248 0.001898
07978c052c8543baae766824d8387ece.mp4 0.012076 0.076480 0.001014 0.910429
0799f78275af470aa8121a5c9e18c011.mp4 0.001059 0.827236 0.166444 0.005261
079b18493e0f4d878a8864c31ff7e8a9.mp4 0.973940 0.000025 0.000970 0.025065
079c7668bda14488907af22c0024c597.mp4 0.130779 0.209020 0.044389 0.615813
07a5d8aeb4604023bfe5809d05c81f1d.mp4 0.000065 0.962176 0.036024 0.001735
07a84181fd27409690f5408cb9281f9b.mp4 0.467290 0.020136 0.019066 0.493508
07af943032694fbd9e8bcf21869294b1.mp4 0.002572 0.273252 0.723203 0.000972
07b1625d263749fda7ad46d93af9d1e0.mp4 0.024671 0.598023 0.333000 0.044305
07c06ec9a82f45cdb0c1e56b26bd6ed8.mp4 0.965652 0.000068 0.002052 0.032228
07d31c0dd9064b5d8ce855207ef0c865.mp4 0.006696 0.569549 0.414557 0.009199
07d567b0adcb4fc7a081b604f2fe8985.mp4 0.000407 0.886741 0.109558 0.003294
07da2bdb74404dbe8570ecda2837be31.mp4 0.595793 0.028154 0.051719 0.324334
07dc2254a93544a09fc82111c7110d82.mp4 0.000841 0.899540 0.091332 0.008287
07e66d629f5e4bb4b147f95f20e7b766.mp4 0.381668 0.013705 0.595848 0.008778
07ecb542b0b24acabef393b1c0889243.mp4 0.986049 0.000040 0.009976 0.003935
07f5c0b383674f82a7339fadb97c5146.mp4 0.001689 0.799598 0.191668 0.007046
07fa3e1daae04b2582954174823b87c1.mp4 0.023305 0.659587 0.257387 0.059722
07fbdb8d6b7d42ff8d59f7abc4f64653.mp4 0.000440 0.592752 0.406165 0.000643
080bf1401b864f45913524a580b1c61a.mp4 0.000187 0.855508 0.143189 0.001117
0813f88bbb7d406f92962b2480a4f53f.mp4 0.005305 0.450227 0.540044 0.004423
081620040e644dc0b08887666bda1de2.mp4 0.915130 0.001845 0.035642 0.047382
08170db802284a1c95b760fb4a9298b5.mp4 0.049138 0.024323 0.001292 0.925247
08179386c367498ba82bafdf2becf513.mp4 0.000064 0.970731 0.026897 0.002308
081a54cf07be414c8920b3ffee05895e.mp4 0.509824 0.004919 0.005224 0.480033
0820f93fca2e474fa8665a5f5099f041.mp4 0.972796 0.000185 0.011951 0.015068
082aa350640d4b689c82a209c8385f1b.mp4 0.640468 0.001386 0.002495 0.355651
083c3609ad0d4f5a9de0478e7b9f49ac.mp4 0.972813 0.000179 0.010656 0.016352
0841d4e55eb14902bcbfbd9eb92b2581.mp4 0.939839 0.000381 0.006761 0.053018
084a5e96bbba4212846c39f7c5dadf4e.mp4 0.901739 0.000486 0.093066 0.004709
0853727ade2143c8a73ae8277a2f57f6.mp4 0.007724 0.747516 0.218313 0.026447
085658c7c6f6438d846b3f07fb52bffe.mp4 0.878907 0.003152 0.032374 0.085566
0858bd800e594f6f8b1d878fe8ca32fd.mp4 0.832923 0.001113 0.160179 0.005785
085c27fa58564dbaae0b5206ebd8051b.mp4 0.299507 0.161799 0.114144 0.424551
0869ffeb91d649bf8365242dd061d9fb.mp4 0.005823 0.788123 0.180648 0.025405
086a298838ba4ab0ab31839b18cc8ec2.mp4 0.814576 0.008632 0.116366 0.060425
086ae9f11de44a159143be8bbf843694.mp4 0.000020 0.960928 0.038541 0.000511
086d10825a0a4102a86b365dae1753c7.mp4 0.003812 0.875417 0.077975 0.042796
086d44340b76438b864546eb8afde6de.mp4 0.032036 0.075840 0.002732 0.889392
086f9d6aab6d470eb797dba3d4d8fbfa.mp4 0.944450 0.000787 0.029943 0.024820
08761dbe3e554525b251774150ec1357.mp4 0.003154 0.770777 0.214747 0.011321
08779cff6d934f949b89781148f78d77.mp4 0.980317 0.000056 0.003366 0.016261
08822408eb3741fdb7150d083da07d58.mp4 0.435886 0.010861 0.008693 0.544560
0886d992c9d2455f9861f9339cfb1c39.mp4 0.735791 0.004442 0.013258 0.246509
08896ae6909d401aa3568967d262291f.mp4 0.964456 0.000233 0.027007 0.008304
0891037e150448b685391c3827d79861.mp4 0.164003 0.001982 0.000390 0.833625
089126f4cce44dc4808679bafbcc364f.mp4 0.263109 0.002403 0.000862 0.733627
08a211a812db4d06a43341f22c84ebcb.mp4 0.045596 0.609345 0.128005 0.217053
08a23b425e9a4daaa91385b2c4618540.mp4 0.993167 0.000010 0.002209 0.004614
08ab757c76fc44d79c0e3790e643eb12.mp4 0.064718 0.023522 0.001673 0.910087
08b5ce5ce5284bfab0b6dfdad722b72c.mp4 0.554343 0.004927 0.006287 0.434443
08b938e0e02740dbad4786bd36be3e49.mp4 0.049072 0.074125 0.004168 0.872634
08be624d26ff4867ac73673451ff359d.mp4 0.034281 0.662265 0.169558 0.133895
08c8a1e861514927b6c7f781e6cbd5a2.mp4 0.997168 0.000002 0.002077 0.000754
08c8f0dffa4742c9a7003233e652c655.mp4 0.858848 0.005267 0.077568 0.058317
08cc171133bf4cf583da2294fefb0839.mp4 0.654377 0.006030 0.012046 0.327547
08d5cddc4f794c8cb71b5b5599b21d5e.mp4 0.000000 0.995299 0.000000 0.004701
08dcb790272543ae97268f693a80d1f3.mp4 0.000000 0.990818 0.000000 0.009182
08ddedb3454c4a5e82dcf61a9b6b3f24.mp4 0.001811 0.770444 0.221444 0.006301
08e5a9fc41d04eb690ae9395330cf65a.mp4 0.808329 0.005203 0.026251 0.160216
08ed3fb15d36486482e3ddfdc5521632.mp4 0.930077 0.000517 0.007810 0.061596
08ef0e1457bb4377b3a916d5fa883199.mp4 0.000094 0.951473 0.046504 0.001929
08fb2690cf8f4b42849fde94dd729a69.mp4 0.000216 0.967383 0.023512 0.008889
09049c2bb2b4419a98dc6aff1a427829.mp4 0.004595 0.503256 0.487406 0.004744
0904d66f4ab34e57aa85e5431ba98152.mp4 0.786873 0.000564 0.002110 0.210453
09081e70917b4504a9b843c0dec83774.mp4 0.980099 0.000092 0.007069 0.012740
0915cb95b62c461c8255f770e6f2ed5a.mp4 0.130491 0.396355 0.301752 0.171402
09342552389f45cd8aa8ae3705dd440c.mp4 0.974849 0.000050 0.023002 0.002100
09383673665d48d2902deaf3e4a1614d.mp4 0.069802 0.021124 0.001625 0.907449
093b27906ed24e8e9667bf69d338fc25.mp4 0.929043 0.001175 0.046097 0.023685
094c892dee424807a876c084b90741c5.mp4 0.371852 0.034613 0.022542 0.570993
0952d46ac151417f9d8926f6739cb55b.mp4 0.683019 0.001415 0.003092 0.312474
09659ba70a864d7eab2052cf00dca000.mp4 0.026234 0.097518 0.002929 0.873318
096b7baf87e54466ad4494af3181fa18.mp4 0.795246 0.007726 0.158188 0.038841
097056be027846a89aa135dce018bd42.mp4 0.014976 0.083378 0.001387 0.900259
0977bbf7a0464ad098cb6fe2f9df1047.mp4 0.772334 0.001143 0.003967 0.222555
097e9c8fb8c34e37b4a496a85a764ec6.mp4 0.630231 0.011549 0.021624 0.336597
0989decb9cc344579e3087c27228b1a2.mp4 0.013552 0.031233 0.000443 0.954772
09911775d2424428b12587b0f61a7ea3.mp4 0.861432 0.005157 0.069351 0.064060
0995e8d340bc446f9ff4fce301e44cb9.mp4 0.000000 0.976254 0.000000 0.023746
0996842a02d24923a207e3c7cc924761.mp4 0.989252 0.000019 0.002211 0.008518
09973103238a4326ba60328e30798e79.mp4 0.984310 0.000057 0.005479 0.010155
09b3bfaa94d14c78af4400e6240b94d6.mp4 0.000819 0.698607 0.298660 0.001915
09b53e5e69af4bd2b02ae5948ba355e3.mp4 0.743372 0.009326 0.032236 0.215066
09bbe0cb3f554fd79b414046ddfbc9b1.mp4 0.005222 0.757883 0.218808 0.018087
09be39dd3d414b67b5e08d503d8959bc.mp4 0.741584 0.019259 0.115429 0.123729
09c4464b26044d5ea33b7220e53693f9.mp4 0.881100 0.003332 0.077854 0.037714
09d80cb3569444b796ebb89c97d23ace.mp4 0.007254 0.382885 0.605273 0.004589
09e8a3ea93e344c1b82f64ac5eb79a87.mp4 0.001669 0.688517 0.306061 0.003754
09e8ed79c7824665bc5b1cee1b54f44a.mp4 0.014946 0.054273 0.000872 0.929909
09ea8d0b434146a2913ea14f78cf1106.mp4 0.887333 0.000919 0.007852 0.103896
09ef4743b7ee492caba1dc692217610e.mp4 0.000501 0.271630 0.727681 0.000187
09ef60274639494895dbfb6f977934c3.mp4 0.837125 0.002302 0.013062 0.147512
09f9413b78e043eb9e9a890311a585bb.mp4 0.792848 0.002202 0.196043 0.008906
09ffac9e0348474a832ceb320b2f920a.mp4 0.896882 0.000622 0.005764 0.096732
09ffe3a2db9d45088a2b1798040eeeb4.mp4 0.112630 0.040777 0.005460 0.841132
0a029363f4774982bf5810bcd04734c1.mp4 0.012089 0.009225 0.000114 0.978573
0a077dd4f389459ba49e1de3bf9b891b.mp4 0.057393 0.065249 0.004289 0.873068
0a087831fdfd4abfb89f5225e16463ae.mp4 0.928521 0.000973 0.016823 0.053684
0a09c1cedfb54d998f51bd3fe978827c.mp4 0.915904 0.000322 0.003682 0.080093
0a0c721150f14a14a2764eb1af557578.mp4 0.000000 0.989821 0.000000 0.010179
0a135f65f8b147588ec5a34895288363.mp4 0.016059 0.007768 0.000128 0.976045
0a17d09727d547debe9c268e2990d4e6.mp4 0.130680 0.019663 0.003035 0.846622
0a1b2fd097ef4540a1027f51a1b82020.mp4 0.079537 0.086040 0.008284 0.826140
0a1f066701ce4f02b25b2a51d76205fa.mp4 0.006045 0.715914 0.261489 0.016551
0a235d6a57484cb798ed18ca6dd3da93.mp4 0.013601 0.393717 0.583506 0.009177
0a2bff0817b94e6490d21126ecbce4c8.mp4 0.896432 0.002571 0.066163 0.034835
0a2e98f3062f42d29e2d95bed5e2e6a1.mp4 0.807595 0.000345 0.001460 0.190600
0a30aa379b6548eba12cd090e75906da.mp4 0.407551 0.122688 0.162999 0.306761
0a31ddeadebe405c84e98217ff6d3405.mp4 0.675314 0.030257 0.112017 0.182412
0a34986994de4c8988c2882aa5ab08c5.mp4 0.988786 0.000028 0.007531 0.003656
0a34eb0dd1b54ac3b99fc769a1a8b6c7.mp4 0.863337 0.003977 0.097449 0.035236
0a3d9611e4414f95a56268a2f98061bc.mp4 0.957454 0.000387 0.012468 0.029692
0a429774f6904487b530ea0aa80f9280.mp4 0.983427 0.000052 0.012395 0.004126
0a47fc6a95e74e08b8f031525f52bf3e.mp4 0.284970 0.210910 0.193486 0.310633
0a50fa41b87842f295298b23b3ffea62.mp4 0.674296 0.011982 0.285415 0.028307
0a54bef11e6643b1aed54205081cb416.mp4 0.951359 0.000504 0.014061 0.034077
0a571fd1e3234a4d91ff3cec7171a32b.mp4 0.006745 0.818402 0.133508 0.041345
0a5a8ec7dd44465b9aa4e7359663fbef.mp4 0.923310 0.001305 0.023012 0.052373
0a5e06e42ded4b5a95fbdcc499d21c61.mp4 0.735731 0.002319 0.006682 0.255268
0a5f0281a806436094cefc073130eca9.mp4 0.000000 0.988169 0.000000 0.011831
0a60ec6aa37b4d60ae25f1fd08a8827e.mp4 0.000762 0.867396 0.126623 0.005219
0a6238f6a4e348f4b0ad9d2c8e13a668.mp4 0.002876 0.653195 0.338378 0.005551
0a62d30abcd34bc4b514e80e6ce34e4e.mp4 0.053707 0.031625 0.001861 0.912808
0a66b23384e640f2ad6ebe59560fa655.mp4 0.025249 0.526162 0.416709 0.031881
0a67d6b22fac4de7bb7a8d7cf6ea52b7.mp4 0.085075 0.121526 0.013252 0.780147
0a7bbd90c5464dcebdbe9d74c65aa5b7.mp4 0.186403 0.065483 0.016688 0.731426
0a8cb43fe2c149a9ba031dd9f546bd14.mp4 0.006772 0.139621 0.001109 0.852497
0a8eb0aad1504c38840c6aad5829717c.mp4 0.000202 0.968631 0.022432 0.008734
0a99888344b245888c174fbc48c443a7.mp4 0.979029 0.000106 0.008225 0.012640
0a99a0fca7b6472bbcd3751cd5549d18.mp4 0.766941 0.015420 0.104903 0.112736
0a9cf8f5204a4721aa433b8b35327e5c.mp4 0.766195 0.011072 0.048760 0.173973
0aa068a40aac4caba6618caf9fafa852.mp4 0.000288 0.961831 0.027968 0.009912
0aa46929e352432cbc334419716b4211.mp4 0.162241 0.064799 0.013849 0.759111
0aa7888ef64743359e4903f65b61fae4.mp4 0.816815 0.001048 0.004830 0.177307
0ab261792bf34f5f9951cb203e2af328.mp4 0.648740 0.005654 0.334645 0.010961
0ab63960b7d34b51855e20db272ade36.mp4 0.000046 0.980563 0.016687 0.002705
0ac1cee5d19f43269e0d1aac3e75cf0a.mp4 0.001049 0.803628 0.190907 0.004416
0aca4705182b40ada75e6532fecf6f29.mp4 0.574922 0.001259 0.001715 0.422104
0add4148844142299b3c4a45259f0e39.mp4 0.003812 0.810524 0.167184 0.018480
0ae6debdec3c412aaa810a4908526c44.mp4 0.000401 0.909997 0.085330 0.004272
0af51b1954214ce69d68209e1c02412c.mp4 0.004323 0.677936 0.308232 0.009509
0afe26dd41ee41bf9aceff59476ab757.mp4 0.668180 0.020630 0.053492 0.257698
0b00a07c72584863ab198aef45c4a831.mp4 0.000970 0.591464 0.406152 0.001413
0b0a0c1a1f3d4f3caeda7dbf9412a220.mp4 0.441870 0.016948 0.014211 0.526972
0b1154b15d2f4b799874c54b0eb0e70a.mp4 0.851690 0.000298 0.001734 0.146277
0b31a3a6d4394056b0a9ce02d6d62edd.mp4 0.009293 0.010827 0.000103 0.979778
0b3425b3b6e94ecab5446c1e32e5395b.mp4 0.922818 0.001455 0.028341 0.047386
0b35ef5c9d764d349e0d32539d568939.mp4 0.015767 0.076367 0.001328 0.906538
0b3f946c0f3343bd885701c4a9788e48.mp4 0.029036 0.014608 0.000444 0.955912
0b46d6e060fa4b3ebefc7b5d1b94a60a.mp4 0.007051 0.407679 0.004953 0.580317
0b51a9623e2646129ef8a7caca9272a3.mp4 0.000291 0.731182 0.267731 0.000796
0b553a612a2347ddba809dad77c63ae2.mp4 0.903957 0.001387 0.015925 0.078731
0b55a0d41f344aef95ff1d2f8e5603e1.mp4 0.936935 0.000975 0.038106 0.023984
0b5c21a983014092b55cfcc9800204d3.mp4 0.016500 0.030425 0.000527 0.952548
0b60d9fb78ec44b99d3e7a03ea2ed0f2.mp4 0.030057 0.003280 0.000102 0.966561
0b62782900264927ad524a2c1f6ffb6d.mp4 0.658281 0.032311 0.103095 0.206313
0b64923fb7c44817815dc8170f6921a8.mp4 0.040416 0.001410 0.000059 0.958115
0b6aa55c1e81465f92ff7c1dd94659d5.mp4 0.030996 0.075920 0.002643 0.890441
0b6b34ece5ac4f66a30697e1f11e52a4.mp4 0.011027 0.713758 0.242800 0.032415
0b6c68e5946f4b52a83a9a96d48dfc96.mp4 0.839991 0.001650 0.009300 0.149058
0b6d9e3b21fd4d55aea704a920f61b58.mp4 0.254454 0.005275 0.001818 0.738453
0b80d71f09984353a4a705516d60349c.mp4 0.000405 0.639177 0.359699 0.000719
0b85baf0d06d4e789a45a69cb7c94357.mp4 0.001247 0.880686 0.107890 0.010177
0b8addba88bb499588c96e9ead331978.mp4 0.197778 0.111800 0.033668 0.656753
0b977254b13e432d993405a676377bdc.mp4 0.672445 0.003252 0.006890 0.317412
0b9822d546cf4e02a4942766010c3ede.mp4 0.840507 0.003633 0.022978 0.132882
0b9a7dbbd33b496ba062868391774857.mp4 0.973791 0.000081 0.003467 0.022662
0baad5941517459193b2c80a0e99ddec.mp4 0.000245 0.958112 0.034917 0.006726
0badc486f9ad42d9ad6363355800267e.mp4 0.000000 0.993766 0.000000 0.006234
0bb499265e1f475782db289b21b0e4d4.mp4 0.963615 0.000220 0.007346 0.028820
0bc061c2ea80466a91349e37b8f0410b.mp4 0.613488 0.001372 0.002199 0.382941
0bcd20db502f40639e34eb6b1ba33e1e.mp4 0.955403 0.000484 0.026976 0.017137
0bcf3a98710240c4a2489c58ac632e3c.mp4 0.494759 0.003499 0.003474 0.498267
0bd28f9fd0424bb7963e0fd7340109a9.mp4 0.852051 0.004229 0.111358 0.032362
0bd2e2b30c4f4ec2ba862d05f9b6efbc.mp4 0.899640 0.000811 0.007962 0.091588
0bd7d9e3e8844ff3b8a94ffdf7b54b2d.mp4 0.011284 0.701378 0.256479 0.030859
0be0bffa87c741dba6037782bdb2349c.mp4 0.066662 0.033591 0.002496 0.897251
0be268e3b3a14b13b811fef43838eaf1.mp4 0.916764 0.000574 0.006952 0.075710
0be61bd3d5bc448c9765f85bf26afca3.mp4 0.633504 0.030110 0.072202 0.264185
0bedfa26507b4536bd25c0e8f4422463.mp4 0.261485 0.185448 0.109265 0.443802
0befc568b4b94d86bf73dc6f52562d88.mp4 0.900432 0.001012 0.088223 0.010332
0bf116000b874f36bec35de64d4c5634.mp4 0.993260 0.000002 0.000239 0.006500
0bf2b4c9e47c4e77b3c6191dd3e97e48.mp4 0.000000 0.994331 0.000000 0.005669
0bf507089505441a8b166a2cb7f017db.mp4 0.044472 0.597326 0.104852 0.253351
0bf5090510ce45c7bbc0454f4496dc61.mp4 0.493726 0.045422 0.055297 0.405555
0bfadb9bdf8b41e096dcb24994424f1c.mp4 0.828841 0.002592 0.013890 0.154677
0c0d7a118a75462390f9ba94c28774c6.mp4 0.021262 0.650297 0.278857 0.049584
0c13328eaead4d968a1a0ec62588e065.mp4 0.011274 0.016971 0.000197 0.971559
0c1d10982c824a1eb62984025df27406.mp4 0.700888 0.000415 0.000976 0.297721
0c2e7745f39742f5aa9752a3c21ef0fe.mp4 0.082155 0.433331 0.090309 0.394205
0c34356777f74d498f001df5f7580d51.mp4 0.052698 0.074795 0.004541 0.867966
0c36308e628046c797b11a183567a342.mp4 0.936695 0.000538 0.009448 0.053319
0c3a8e0f80b440ba81d110bd567c277d.mp4 0.000101 0.966411 0.030248 0.003240
0c408250a6b5497f9691eba3adc49719.mp4 0.112803 0.106298 0.015669 0.765229
0c459a46e0ce471c8ed1917b054bd5fd.mp4 0.224639 0.179765 0.078022 0.517574
0c47398afe654005b3cdc4318bcf8ec3.mp4 0.018295 0.013091 0.000247 0.968367
0c473b96afe84cceaece5003deb1b5f7.mp4 0.895842 0.000481 0.004337 0.099340
0c4989815b0d427e91578fdef67db6ac.mp4 0.985593 0.000044 0.004337 0.010026
0c56ceab4a2e4b91b8144c8217efd6a2.mp4 0.021919 0.074493 0.001811 0.901778
0c581c5acc8e40eab3b00d6a1d801484.mp4 0.901032 0.002032 0.025708 0.071228
0c5980aacde74778b6bfbed8605a0e02.mp4 0.008132 0.748541 0.215016 0.028311
0c5cb5269c324b5a9e03747abfd1be65.mp4 0.744393 0.018798 0.113265 0.123544
0c5d4b62cbc64aaf8c05869aa51e7ffe.mp4 0.119647 0.000849 0.000115 0.879389
